%YAML:1.0
---
mat: !!opencv-matrix
   rows: 18
   cols: 49
   dt: f
   data: [ 3.83672379e-02, 3.96359824e-02, 3.97300646e-02,
       4.06778306e-02, 4.62084934e-02, 2.68024094e-02, 5.97148687e-02,
       2.13330444e-02, 2.00789515e-02, 2.07962040e-02, 1.98709927e-02,
       2.33327691e-02, 1.23462537e-02, 2.49911677e-02, 3.48443352e-02,
       2.23638453e-02, 5.01292087e-02, 3.59129794e-02, 2.61721089e-02,
       4.97244187e-02, 3.68974283e-02, 2.50257440e-02, 5.20948693e-02,
       3.73767018e-02, 2.56345496e-02, 5.35326824e-02, 4.12076339e-02,
       3.00192349e-02, 5.92742264e-02, 2.55114920e-02, 1.73185412e-02,
       3.45205031e-02, 5.71207441e-02, 4.20139767e-02, 7.41964132e-02,
       6.09451998e-03, 1.27641663e-01, 6.17223978e-03, 1.52537867e-01,
       5.64763183e-03, 1.27589852e-01, 6.33415580e-03, 1.10387884e-01,
       6.93000713e-03, 1.47356555e-01, -1., -1., 6.47081286e-02,
       1.52537867e-01, 9.22011316e-01, 9.22015369e-01, 9.18998241e-01,
       9.14641082e-01, 9.07434523e-01, 8.88100207e-01, 9.40674186e-01,
       4.86115813e-02, 4.47503850e-02, 4.95629534e-02, 5.18969707e-02,
       5.43891415e-02, 5.65389842e-02, 3.90930064e-02, 9.32098866e-01,
       9.02238309e-01, 9.57182884e-01, 9.29637790e-01, 9.07163858e-01,
       9.53203022e-01, 9.28154588e-01, 9.04644430e-01, 9.53704953e-01,
       9.27856684e-01, 8.91616583e-01, 9.52597439e-01, 9.20405328e-01,
       8.84152293e-01, 9.45492566e-01, 9.01150227e-01, 8.61840248e-01,
       9.27856684e-01, 9.52231526e-01, 9.30343688e-01, 9.65103865e-01,
       6.95377648e-01, 9.83050644e-01, 6.68849289e-01, 9.86016929e-01,
       6.82262421e-01, 9.85991001e-01, 6.32858574e-01, 9.83031213e-01,
       5.88571310e-01, 9.82785106e-01, -1., -1., 9.74598587e-01,
       9.86016929e-01, 9.21717346e-01, 9.11478281e-01, 9.18080449e-01,
       9.22574997e-01, 9.15700495e-01, 8.85652781e-01, 9.42857563e-01,
       4.29562628e-02, 4.11577933e-02, 4.39920798e-02, 3.77960913e-02,
       4.32521850e-02, 4.46410328e-02, 3.01105678e-02, 9.27476346e-01,
       8.98441911e-01, 9.56060290e-01, 9.16450143e-01, 8.87795568e-01,
       9.42161322e-01, 9.23135102e-01, 8.92410874e-01, 9.51468706e-01,
       9.25150394e-01, 9.01768565e-01, 9.53781605e-01, 9.19935763e-01,
       8.90330553e-01, 9.50338602e-01, 8.86865973e-01, 8.55852604e-01,
       9.25020039e-01, 9.44221377e-01, 9.24153626e-01, 9.64942515e-01,
       7.49486625e-01, 9.99693811e-01, 7.62379527e-01, 9.96524990e-01,
       7.76802957e-01, 9.90917802e-01, 7.52669036e-01, 9.88675714e-01,
       7.59064198e-01, 9.87723231e-01, -1., -1., 9.77167547e-01,
       9.99693811e-01, 8.76913220e-02, 8.47497955e-02, 8.87328237e-02,
       9.25645679e-02, 9.77193490e-02, 6.31902143e-02, 1.24219231e-01,
       4.26399224e-02, 3.63761522e-02, 4.36664410e-02, 4.32265103e-02,
       4.35767733e-02, 2.62438394e-02, 4.90015298e-02, 7.82768130e-02,
       5.60555011e-02, 1.16461903e-01, 8.08230937e-02, 5.69109693e-02,
       1.04567803e-01, 8.27293247e-02, 5.91975488e-02, 1.06123880e-01,
       8.19682777e-02, 5.97496182e-02, 1.20120406e-01, 8.92851874e-02,
       6.79511949e-02, 1.19882122e-01, 5.89572825e-02, 4.54804748e-02,
       7.70498365e-02, 1.18898749e-01, 8.82964060e-02, 1.49662688e-01,
       2.40583159e-02, 3.16092789e-01, 2.33273637e-02, 2.09689841e-01,
       2.03104932e-02, 3.04945260e-01, 1.56395715e-02, 2.33714014e-01,
       2.68779304e-02, 2.58711725e-01, -1., -1., 1.54016733e-01,
       3.16092789e-01, 7.60252252e-02, 7.85641819e-02, 7.86263570e-02,
       8.04964602e-02, 9.12016705e-02, 5.33359423e-02, 1.17608301e-01,
       4.18745950e-02, 3.91147211e-02, 4.06052805e-02, 3.89325768e-02,
       4.53951098e-02, 2.44714245e-02, 4.82149161e-02, 6.94231242e-02,
       4.44362387e-02, 9.95330364e-02, 7.18259588e-02, 5.21013439e-02,
       9.85712558e-02, 7.37236142e-02, 4.98345234e-02, 1.04189739e-01,
       7.46886358e-02, 5.12529053e-02, 1.05977297e-01, 8.16834122e-02,
       6.00384697e-02, 1.17356755e-01, 5.10229841e-02, 3.46111730e-02,
       6.88596591e-02, 1.12755097e-01, 8.36846903e-02, 1.46624699e-01,
       1.21890400e-02, 2.48903826e-01, 1.23444796e-02, 2.88372487e-01,
       1.12952637e-02, 2.42252320e-01, 1.26683116e-02, 2.15056896e-01,
       1.38600143e-02, 2.72996932e-01, -1., -1., 1.27926633e-01,
       2.88372487e-01, 3.43685036e+01, 2.99401035e+01, 3.91740456e+01,
       3.67557373e+01, 4.06634064e+01, 4.99921894e+00, 9.30325928e+01,
       6.48709259e+01, 4.15138817e+01, 5.44719162e+01, 4.32399330e+01,
       5.62064018e+01, 8.15275574e+00, 8.08393784e+01, 1.47234621e+01,
       2.22972918e+00, 4.30759621e+01, 1.87240868e+01, 2.52992678e+00,
       4.08148346e+01, 2.07652969e+01, 3.13090372e+00, 5.46571121e+01,
       2.28273029e+01, 6.38787508e+00, 4.77931671e+01, 2.34054184e+01,
       7.21854258e+00, 5.33573875e+01, 1.64765918e+00, 6.39125288e-01,
       6.50934219e+00, 6.89917450e+01, 4.56958466e+01, 1.11088562e+02,
       1.89087212e-01, 6.78872253e+02, 2.07165122e-01, 2.87069336e+02,
       1.77458405e-01, 3.42708038e+02, 1.82913065e-01, 2.28073257e+02,
       2.19477877e-01, 3.93182526e+02, -1., -1., 6.77817993e+01,
       6.78872253e+02, 9.61632609e-01, 9.60364163e-01, 9.60269809e-01,
       9.59322274e-01, 9.53791916e-01, 9.40285683e-01, 9.73197341e-01,
       2.13368293e-02, 2.00656261e-02, 2.07964256e-02, 1.98641066e-02,
       2.33138315e-02, 2.49680784e-02, 1.23719331e-02, 9.65155661e-01,
       9.50055361e-01, 9.77713883e-01, 9.64087009e-01, 9.50447202e-01,
       9.74223018e-01, 9.63102579e-01, 9.48319674e-01, 9.75094080e-01,
       9.62623298e-01, 9.46749091e-01, 9.74401057e-01, 9.59300756e-01,
       9.41036642e-01, 9.70162094e-01, 9.43909049e-01, 9.25848901e-01,
       9.58199739e-01, 9.74828482e-01, 9.65557218e-01, 9.83076513e-01,
       8.72358322e-01, 9.93905485e-01, 8.47462118e-01, 9.93827760e-01,
       8.72410178e-01, 9.94352341e-01, 8.89612138e-01, 9.93665814e-01,
       8.52643430e-01, 9.93070006e-01, -1., -1., 9.85162020e-01,
       9.94352341e-01, 8.32307068e+02, 8.32307068e+02, 8.32307068e+02,
       8.32307068e+02, 8.33674866e+02, 8.27909058e+02, 8.27909058e+02,
       5.08956665e+02, 5.08956665e+02, 5.08956665e+02, 5.08956665e+02,
       5.09826508e+02, 5.06301849e+02, 5.06301849e+02, 7.32586792e+02,
       4.48278229e+02, 1.10656042e+03, 7.32586792e+02, 4.48278229e+02,
       1.10656042e+03, 7.32586792e+02, 4.48278229e+02, 1.10656042e+03,
       7.32586792e+02, 4.48278229e+02, 1.10656042e+03, 7.59516968e+02,
       4.46965027e+02, 1.11401843e+03, 7.45435242e+02, 4.46965027e+02,
       1.09910242e+03, 7.45435242e+02, 4.46965027e+02, 1.09910242e+03,
       7.43582840e+01, 3.44395605e+03, 7.43582840e+01, 3.44395605e+03,
       7.43582840e+01, 3.44395605e+03, 7.43582840e+01, 3.44395605e+03,
       7.43582840e+01, 3.44395605e+03, -1., -1., 3.44395605e+03,
       3.44395605e+03, 4.58313019e+02, 4.58313019e+02, 4.58313019e+02,
       4.58313019e+02, 4.59394135e+02, 4.56990967e+02, 4.56990967e+02,
       4.23198120e+02, 4.23198120e+02, 4.23198120e+02, 4.23198120e+02,
       4.23951569e+02, 4.23811523e+02, 4.23811523e+02, 3.31689026e+02,
       2.80975586e+02, 4.58257324e+02, 3.31689026e+02, 2.80975586e+02,
       4.58257324e+02, 3.31689026e+02, 2.80975586e+02, 4.58257324e+02,
       3.31689026e+02, 2.80975586e+02, 4.58257324e+02, 3.33154694e+02,
       2.81234253e+02, 4.59541260e+02, 3.32416626e+02, 2.80716949e+02,
       4.56973419e+02, 3.32416626e+02, 2.80716949e+02, 4.56973419e+02,
       2.00020187e+02, 4.14666309e+03, 2.00020187e+02, 4.14666309e+03,
       2.00020187e+02, 4.14666309e+03, 2.00020187e+02, 4.14666309e+03,
       2.00020187e+02, 4.14666309e+03, -1., -1., 4.14666309e+03,
       4.14666309e+03, 1.14805274e-01, 1.14805274e-01, 1.14805274e-01,
       1.14805274e-01, 1.14809036e-01, 1.14928052e-01, 1.14928052e-01,
       1.51079893e-02, 1.51079893e-02, 1.51079893e-02, 1.51079893e-02,
       1.51448688e-02, 1.50425658e-02, 1.50425658e-02, 1.13508157e-01,
